{
 "cells": [
  {
   "cell_type": "markdown",
   "metadata": {},
   "source": [
    "## Chennapragada. V. S. S. Mani Saketh\n",
    "## AP19110010348\n",
    "## CSE - C\n",
    "## ML Assignment 3"
   ]
  },
  {
   "cell_type": "markdown",
   "metadata": {},
   "source": [
    "1. Take two 3D coordinates from the user. Find out the (i) Euclidean distance, (ii) Manhattan distance and (iii) Minkowski distance between these points."
   ]
  },
  {
   "cell_type": "code",
   "execution_count": 4,
   "metadata": {},
   "outputs": [
    {
     "name": "stdout",
     "output_type": "stream",
     "text": [
      "Enter Point 1 elements\n",
      "3\n",
      "2\n",
      "1\n",
      "Enter Point 2 elements\n",
      "6\n",
      "54\n",
      "4\n",
      "Enter p Value\n",
      "3\n",
      "Euclidean Distance is 52.172789842982326\n",
      "Manhattan Distance is 58\n",
      "Minkowski Disance is 52.00665595274147\n"
     ]
    }
   ],
   "source": [
    "#1\n",
    "import math\n",
    "from math import sqrt\n",
    "l1 = []\n",
    "l2 = []\n",
    "print(\"Enter Point 1 elements\")\n",
    "for i in range(3):\n",
    "    num = int(input())\n",
    "    l1.append(num)\n",
    "print(\"Enter Point 2 elements\")\n",
    "for i in range(3):\n",
    "    num = int(input())\n",
    "    l2.append(num)\n",
    "#euclidean\n",
    "#manhattan\n",
    "#minkowski\n",
    "f_part = 0\n",
    "s_part = 0\n",
    "t_part = 0\n",
    "print(\"Enter p Value\")\n",
    "p = int(input())\n",
    "for i in range(3):\n",
    "    f_part += pow(l1[i] - l2[i],2)\n",
    "    s_part += abs(l1[i] - l2[i])\n",
    "    t_part += pow(abs(l1[i] - l2[i]),p)\n",
    "euclidean = sqrt(f_part)\n",
    "manhattan = s_part\n",
    "minkowski = pow(t_part,1/p)\n",
    "print(\"Euclidean Distance is\",euclidean)\n",
    "print(\"Manhattan Distance is\",manhattan)\n",
    "print(\"Minkowski Disance is\",minkowski)"
   ]
  },
  {
   "cell_type": "markdown",
   "metadata": {},
   "source": [
    "2. Import the Iris dataset. Write a program to obtain the (i) Euclidean distance, (ii) Manhattan distance and (iii) Minkowski distance Matrices* for all the data samples in the feature space."
   ]
  },
  {
   "cell_type": "code",
   "execution_count": 22,
   "metadata": {},
   "outputs": [
    {
     "name": "stdout",
     "output_type": "stream",
     "text": [
      "Euclidean Matrix: \n",
      "\n",
      "\n",
      "[0.0, 0.5385164807134502, 0.509901951359278, 0.648074069840786, 0.1414213562373093, 0.6164414002968979, 0.5196152422706632, 0.17320508075688762, 0.9219544457292882, 0.4690415759823426, 0.37416573867739483, 0.3741657386773941, 0.5916079783099616, 0.9949874371066197, 0.8831760866327848, 1.1045361017187267, 0.5477225575051664, 0.09999999999999998, 0.7416198487095667, 0.33166247903553986, 0.4358898943540679, 0.30000000000000016, 0.648074069840786, 0.46904157598234303, 0.5916079783099616, 0.5477225575051662, 0.316227766016838, 0.14142135623730995, 0.14142135623730995, 0.53851648071345, 0.5385164807134504, 0.3872983346207423, 0.6244997998398396, 0.8062257748298554, 0.4582575694955836, 0.37416573867739383, 0.41231056256176635, 0.24494897427831727, 0.866025403784438, 0.14142135623730964, 0.17320508075688743, 1.3490737563232043, 0.7681145747868601, 0.45825756949558394, 0.6164414002968975, 0.5916079783099616, 0.3605551275463989, 0.58309518948453, 0.30000000000000027, 0.22360679774997896, 4.003748243833521, 3.6166282640050254, 4.164132562731403, 3.093541659651604, 3.792097045171708, 3.416138170507745, 3.7854986461495406, 2.345207879911715, 3.749666651850535, 2.8879058156387303, 2.703701166919155, 3.228002478313795, 3.146426544510455, 3.7, 2.5806975801127883, 3.627671429443412, 3.4351128074635335, 3.009983388658482, 3.7682887362833544, 2.882707061079915, 3.8535697735995385, 3.0757112998459397, 4.047221268969613, 3.6578682316343767, 3.416138170507745, 3.59722114972099, 4.047221268969612, 4.244997055358225, 3.531288716601915, 2.4939927826679855, 2.8178005607210745, 2.7018512172212596, 2.8948229652260253, 4.135214625627066, 3.411744421846396, 3.5199431813596087, 3.9115214431215897, 3.6180105030251095, 2.9999999999999996, 3.0215889859476257, 3.3120990323358397, 3.59583091927304, 3.0099833886584824, 2.387467277262665, 3.1527765540868895, 3.07408522978788, 3.1256999216175574, 3.3451457367355464, 2.0904544960366875, 3.057776970284131, 5.2848841046895245, 4.208325082500163, 5.301886456724625, 4.690415759823429, 5.056678751908213, 6.0950799830683104, 3.591656999213594, 5.636488268416782, 5.047771785649585, 5.639148871948673, 4.356604182158392, 4.519955751995809, 4.853864439804639, 4.190465367951393, 4.417012565071555, 4.626013402488151, 4.645427859734774, 6.240192304729079, 6.498461356351979, 4.141255848169732, 5.121523210920752, 4.028647415696738, 6.211280061307815, 4.109744517606904, 4.969909455915672, 5.31224999411737, 3.9774363602702683, 4.007492981902776, 4.840454524112379, 5.0970579749498635, 5.546169849544818, 6.014149981501959, 4.880573736764972, 4.160528812542944, 4.570557952810575, 5.788782255362521, 4.891829923454003, 4.606517122512408, 3.8961519477556315, 4.796873982084583, 5.0199601592044525, 4.636809247747852, 4.208325082500163, 5.2573757712379665, 5.136146415358503, 4.654030511288039, 4.27668095606862, 4.459820624195552, 4.650806381693394, 4.1400483088968905]\n",
      "[0.5385164807134502, 0.0, 0.30000000000000016, 0.3316624790355407, 0.608276253029822, 1.0908712114635715, 0.5099019513592788, 0.42426406871192834, 0.5099019513592785, 0.17320508075688784, 0.8660254037844388, 0.4582575694955841, 0.1414213562373099, 0.6782329983125273, 1.360147050873544, 1.6278820596099708, 1.0535653752852738, 0.5477225575051659, 1.1747340124470729, 0.8366600265340752, 0.7071067811865475, 0.7615773105863909, 0.7810249675906658, 0.5567764362830019, 0.6480740698407861, 0.22360679774997896, 0.4999999999999999, 0.5916079783099616, 0.49999999999999983, 0.3464101615137758, 0.24494897427831822, 0.6782329983125268, 1.1489125293076055, 1.3416407864998738, 0.14142135623730964, 0.3, 0.7874007874011809, 0.608276253029822, 0.5099019513592784, 0.4582575694955836, 0.529150262212918, 0.8185352771872454, 0.5477225575051662, 0.6782329983125268, 0.9848857801796101, 0.14142135623730986, 0.8485281374238567, 0.3605551275463996, 0.812403840463596, 0.31622776601683766, 4.096339829652808, 3.6864617182333523, 4.236744032862973, 2.9698484809834995, 3.811823710509183, 3.3911649915626345, 3.8600518131237567, 2.1470910553583886, 3.788139384975162, 2.8053520278211073, 2.4617067250182343, 3.2449961479175906, 3.0413812651491097, 3.712142238654117, 2.5592967784139455, 3.7000000000000006, 3.433656942677879, 2.971531591620725, 3.6918829883949464, 2.792848008753788, 3.893584466786357, 3.0740852297878796, 4.018706259482024, 3.6565010597564442, 3.4467375879228173, 3.651027252705737, 4.080441152620633, 4.295346318982906, 3.5383612025908264, 2.4186773244895647, 2.7, 2.5787593916455256, 2.8548204847240393, 4.11703777004778, 3.398529093593286, 3.59722114972099, 3.9786932528155523, 3.55808937493144, 2.9983328701129897, 2.929163703175362, 3.2434549480453714, 3.622154055254966, 2.9546573405388314, 2.179449471770337, 3.10322412983658, 3.0789608636681307, 3.1144823004794877, 3.3645207682521443, 1.9131126469708992, 3.029851481508623, 5.338539126015655, 4.180908992073374, 5.357238094391549, 4.708502946797421, 5.091168824543142, 6.159545437773796, 3.479942528261063, 5.686826883245173, 5.040833264451424, 5.747173218200404, 4.41927595879687, 4.521061822182926, 4.902040391510457, 4.134005321718878, 4.402272140611027, 4.68081189538738, 4.682947789587238, 6.369458375717672, 6.5314623171231725, 4.06201920231798, 5.1903757089443925, 4.0024992192379, 6.2617888817813085, 4.106093033529563, 5.042816673249187, 5.389805191284746, 3.9812058474788765, 4.031128874149275, 4.851803788283281, 5.158488150611572, 5.591958512006325, 6.154673021371647, 4.891829923454003, 4.168932717135165, 4.547526800360829, 5.860034129593443, 4.959838707054897, 4.650806381693394, 3.9153543900903784, 4.860041152089146, 5.072474741188959, 4.702127178203498, 4.180908992073374, 5.320714237769211, 5.206726418777926, 4.699999999999999, 4.249705872175156, 4.498888751680798, 4.718050444834179, 4.153311931459037]\n",
      "[0.509901951359278, 0.30000000000000016, 0.0, 0.24494897427831802, 0.5099019513592783, 1.0862780491200215, 0.264575131106459, 0.4123105625617658, 0.4358898943540674, 0.31622776601683805, 0.8831760866327848, 0.37416573867739394, 0.264575131106459, 0.5000000000000003, 1.3638181696985852, 1.5874507866387546, 1.0099504938362076, 0.5196152422706627, 1.236931687685298, 0.7549834435270745, 0.8306623862918076, 0.6999999999999996, 0.5099019513592785, 0.6480740698407855, 0.6403124237432846, 0.469041575982343, 0.5099019513592783, 0.6164414002968975, 0.547722557505166, 0.30000000000000004, 0.33166247903553997, 0.7810249675906655, 1.0535653752852736, 1.284523257866513, 0.3000000000000001, 0.31622776601683783, 0.8544003745317529, 0.4690415759823429, 0.3605551275463989, 0.4898979485566351, 0.4358898943540671, 0.9273618495495707, 0.2999999999999998, 0.6557438524301998, 0.9591663046625434, 0.264575131106459, 0.781024967590665, 0.14142135623730978, 0.8062257748298548, 0.3316624790355397, 4.27668095606862, 3.849675310984032, 4.415880433163924, 3.1543620591175014, 3.997499218261337, 3.551056180912941, 4.011234224026316, 2.3065125189341593, 3.974921382870358, 2.949576240750525, 2.6476404589747458, 3.402939905434711, 3.258834147360065, 3.8794329482541645, 2.7202941017470885, 3.8807215823864514, 3.5749125863438955, 3.152776554086889, 3.8961519477556315, 2.9782545223670858, 4.031128874149275, 3.258834147360065, 4.207136793592527, 3.8314488121336034, 3.6318039594669758, 3.8340579025361627, 4.2731721238443, 4.469899327725402, 3.702701716314724, 2.6153393661244047, 2.8879058156387303, 2.771281292110204, 3.0364452901377947, 4.282522621072771, 3.5298725189445586, 3.7322915213043046, 4.154515615568198, 3.766961640367473, 3.1464265445104544, 3.1032241298365806, 3.407345007480165, 3.7854986461495397, 3.1400636936215163, 2.3537204591879637, 3.2680269276736387, 3.232645975048923, 3.272613634390715, 3.5425979167836705, 2.085665361461421, 3.1953090617340916, 5.472659317004851, 4.334743360338648, 5.529014378711635, 4.868264577855234, 5.246903848937962, 6.336402764976355, 3.6083237105337433, 5.866003750424985, 5.224940191045253, 5.89406481131655, 4.573838650411709, 4.693612681080534, 5.06951674225463, 4.291852746774987, 4.544227107000705, 4.827007354458868, 4.8456165758342875, 6.520736154760443, 6.717886572427373, 4.250882261366457, 5.348831648126533, 4.1436698710201325, 6.44670458451448, 4.28135492572153, 5.194227565288221, 5.558776843874919, 4.149698784249286, 4.1856899072912706, 5.014977567247933, 5.338539126015656, 5.7775427302617155, 6.312685640834653, 5.053711507397311, 4.341658669218481, 4.716990566028302, 6.040695324215582, 5.0921508225896055, 4.806245936279167, 4.066939881532551, 5.026927491022723, 5.228766584960549, 4.868264577855234, 4.334743360338648, 5.475399528801528, 5.3535035257296695, 4.864154602806124, 4.430575583375145, 4.661544808322667, 4.848711168960263, 4.298837052040936]\n",
      "[0.648074069840786, 0.3316624790355407, 0.24494897427831802, 0.0, 0.6480740698407862, 1.1661903789690604, 0.33166247903553986, 0.5000000000000001, 0.2999999999999997, 0.3162277660168386, 1.0000000000000007, 0.3741657386773941, 0.26457513110645925, 0.519615242270663, 1.5297058540778354, 1.714642819948225, 1.1661903789690604, 0.6557438524302001, 1.3228756555322956, 0.8660254037844384, 0.8774964387392127, 0.806225774829855, 0.7071067811865476, 0.648074069840786, 0.5385164807134504, 0.42426406871192884, 0.5477225575051663, 0.7211102550927982, 0.6782329983125273, 0.17320508075688812, 0.22360679774997916, 0.8774964387392128, 1.1704699910719625, 1.424780684877501, 0.3000000000000007, 0.5099019513592788, 1.0049875621120892, 0.6000000000000003, 0.29999999999999954, 0.58309518948453, 0.6082762530298221, 0.8366600265340758, 0.29999999999999954, 0.7000000000000001, 0.9695359714832655, 0.26457513110645925, 0.8660254037844384, 0.14142135623730964, 0.9219544457292889, 0.4582575694955842, 4.177319714841086, 3.733630940518894, 4.305810028322198, 2.98496231131986, 3.8729833462074166, 3.3926390907374753, 3.889730067755345, 2.111871208194288, 3.8548670534792766, 2.778488797889961, 2.451530134426253, 3.2680269276736387, 3.108054053584011, 3.7376463182061515, 2.5806975801127883, 3.776241517699842, 3.420526275297414, 2.9999999999999996, 3.749666651850535, 2.816025568065745, 3.892300091205713, 3.1304951684997055, 4.06201920231798, 3.685105154537656, 3.511409973215888, 3.722902093797257, 4.154515615568198, 4.349712634186309, 3.5623026261113755, 2.469817807045694, 2.7202941017470885, 2.6038433132583076, 2.891366458960192, 4.127953488110059, 3.3674916480965473, 3.606937759374287, 4.042276586281548, 3.6262928728937496, 2.9966648127543394, 2.9376861643136762, 3.235737937472688, 3.6482872693909396, 2.989983277545211, 2.1633307652783933, 3.108054053584011, 3.083828789021855, 3.1224989991991996, 3.4132096331752027, 1.915724406066802, 3.0446674695276656, 5.33572862878164, 4.177319714841084, 5.406477596365309, 4.722287581247038, 5.109794516416487, 6.215303693304133, 3.420526275297414, 5.738466694161429, 5.081338406365, 5.784461945591827, 4.451965857910413, 4.553020975132885, 4.9457052075512955, 4.1303752856126765, 4.396589587396122, 4.701063709417263, 4.709564735726647, 6.414047084329831, 6.590144156238162, 4.0877866871939394, 5.229722745997153, 3.98622628559895, 6.3229739838148955, 4.1436698710201325, 5.06951674225463, 5.4387498563548595, 4.012480529547776, 4.047221268969612, 4.873397172404482, 5.2172789842982334, 5.655086206239477, 6.215303693304134, 4.913247398615299, 4.198809355043403, 4.55521678957215, 5.932115979985556, 4.962862077471023, 4.669047011971501, 3.9268307832143723, 4.9101934788763675, 5.104899607240087, 4.760252094164762, 4.177319714841084, 5.349766350038103, 5.232590180780452, 4.7455242070818695, 4.288356328478313, 4.533210782657255, 4.719110085598767, 4.149698784249286]\n",
      "[0.1414213562373093, 0.608276253029822, 0.5099019513592783, 0.6480740698407862, 0.0, 0.6164414002968979, 0.4582575694955844, 0.22360679774997916, 0.9219544457292886, 0.529150262212918, 0.42426406871192884, 0.3464101615137758, 0.640312423743285, 0.9746794344808964, 0.9165151389911678, 1.086278049120022, 0.5477225575051663, 0.17320508075688756, 0.7937253933193773, 0.26457513110645875, 0.5385164807134507, 0.264575131106459, 0.5656854249492381, 0.5291502622129183, 0.574456264653803, 0.632455532033676, 0.3464101615137757, 0.24494897427831802, 0.2828427124746193, 0.5385164807134504, 0.5744562646538031, 0.5000000000000003, 0.5567764362830019, 0.7810249675906655, 0.5196152422706631, 0.4472135954999578, 0.5196152422706631, 0.14142135623730925, 0.854400374531753, 0.24494897427831785, 0.17320508075688767, 1.4000000000000001, 0.7280109889280515, 0.4582575694955841, 0.5830951894845299, 0.640312423743285, 0.2999999999999998, 0.5656854249492381, 0.3316624790355399, 0.30000000000000027, 4.060788100849391, 3.663331816802841, 4.219004621945798, 3.148015247739439, 3.8496753109840314, 3.4568772034887214, 3.824918299781056, 2.387467277262665, 3.807886552931954, 2.9223278392404914, 2.7586228448267445, 3.2710854467592254, 3.2186953878862163, 3.7456641600656084, 2.6267851073127395, 3.685105154537656, 3.4669871646719432, 3.0626785662227105, 3.8340579025361627, 2.9376861643136762, 3.8845849199110063, 3.1336879231984796, 4.1036569057366385, 3.706750598570128, 3.474190553208042, 3.655133376499413, 4.1085277168348275, 4.296510211788167, 3.5763109484495335, 2.5573423705088847, 2.874021572639983, 2.7604347483684526, 2.949576240750525, 4.178516483155235, 3.438022687534217, 3.551056180912941, 3.9648455203198023, 3.686461718233353, 3.036445290137795, 3.0708305065568178, 3.354101966249685, 3.640054944640259, 3.0659419433511785, 2.4372115213907883, 3.1968734726291563, 3.1128764832546763, 3.1670175244226235, 3.398529093593286, 2.142428528562855, 3.10322412983658, 5.313191131514092, 4.246174749112429, 5.350700888668698, 4.730750469005947, 5.096076922496363, 6.14573022512378, 3.6166282640050254, 5.68770604022395, 5.10098029794274, 5.67626637852735, 4.397726685459204, 4.568369512200168, 4.901020301937138, 4.230839160261236, 4.450842616853577, 4.662617290749906, 4.688283267892417, 6.278534860936905, 6.553624951124378, 4.196427051671457, 5.164300533470143, 4.060788100849391, 6.265780079128217, 4.160528812542944, 5.007993610219566, 5.359104402789705, 4.024922359499622, 4.047221268969612, 4.8836461788299115, 5.149757275833493, 5.601785429664367, 6.057227088363124, 4.923413450036468, 4.208325082500163, 4.6141087980237305, 5.843800133474791, 4.920365840057017, 4.645427859734774, 3.9344631145812, 4.844584605515729, 5.061620293937505, 4.686149805543992, 4.246174749112429, 5.2971690552596105, 5.173006862551025, 4.701063709417263, 4.330127018922194, 4.504442251822083, 4.678675026115834, 4.173727350941841]\n",
      "[0.6164414002968979, 1.0908712114635715, 1.0862780491200215, 1.1661903789690604, 0.6164414002968979, 0.0, 0.9949874371066205, 0.7000000000000002, 1.4594519519326423, 1.0099504938362076, 0.3464101615137753, 0.8124038404635965, 1.1618950038622253, 1.5716233645501714, 0.6782329983125266, 0.6164414002968979, 0.3999999999999999, 0.5916079783099619, 0.33166247903553986, 0.38729833462074226, 0.5385164807134505, 0.41231056256176646, 1.1224972160321829, 0.6782329983125271, 0.8306623862918079, 1.0099504938362078, 0.6480740698407862, 0.529150262212918, 0.6480740698407862, 1.014889156509222, 1.0246950765959602, 0.5385164807134504, 0.45825756949558394, 0.4795831523312721, 0.9848857801796104, 0.9695359714832658, 0.6082762530298218, 0.7211102550927979, 1.4177446878757824, 0.6480740698407863, 0.7000000000000001, 1.881488772222678, 1.2999999999999998, 0.608276253029822, 0.3741657386773947, 1.1269427669584646, 0.38729833462074226, 1.1224972160321829, 0.36055512754639896, 0.8062257748298551, 3.6124783736376886, 3.246536616149585, 3.786819245752298, 2.9444863728670914, 3.4698703145794942, 3.1543620591175006, 3.407345007480164, 2.328089345364563, 3.4146742157927736, 2.705549851693737, 2.7147743920996454, 2.9189039038652846, 2.983286778035259, 3.3896902513356584, 2.3366642891095846, 3.258834147360065, 3.1464265445104544, 2.77848879788996, 3.5468295701936396, 2.7073972741361767, 3.5085609585697664, 2.792848008753788, 3.770941526992961, 3.3674916480965473, 3.0935416596516037, 3.246536616149585, 3.7121422386541165, 3.883297567789519, 3.2264531609803355, 2.3194827009486403, 2.6758176320519302, 2.5729360660537215, 2.660826939130014, 3.8470768123342687, 3.1400636936215163, 3.144837038703278, 3.5411862419251547, 3.38673884437522, 2.7239676943752467, 2.840774542268358, 3.10322412983658, 3.2726136343907135, 2.78926513619627, 2.3748684174075834, 2.9223278392404914, 2.7910571473905725, 2.8548204847240397, 3.0347981810987035, 2.0566963801203135, 2.8053520278211073, 4.906118628814432, 3.9255572852781038, 4.922397789695586, 4.356604182158392, 4.697871858618538, 5.705260730238364, 3.4263683398023628, 5.265928218272634, 4.734976240700686, 5.205766033928147, 3.977436360270268, 4.201190307520001, 4.483302354291979, 3.937003937005905, 4.114608122288196, 4.249705872175156, 4.291852746774986, 5.791372894228103, 6.134329629226, 3.9179076048319463, 4.727578661429125, 3.748332962798263, 5.8360945845659495, 3.8013155617496426, 4.57602447545902, 4.917316341257699, 3.66333181680284, 3.6742346141747673, 4.506661735697499, 4.722287581247038, 5.1788029504896205, 5.5596762495670555, 4.545327270945404, 3.8457769046058816, 4.288356328478312, 5.3916602266834275, 4.502221673796171, 4.24735211631906, 3.569313659514949, 4.412482294582042, 4.641120554348917, 4.249705872175155, 3.9255572852781038, 4.868264577855234, 4.739198244429114, 4.28485705712571, 3.9887341350358256, 4.102438299353203, 4.264973622427225, 3.818376618407356]\n",
      "[0.5196152422706632, 0.5099019513592788, 0.264575131106459, 0.33166247903553986, 0.4582575694955844, 0.9949874371066205, 0.0, 0.42426406871192884, 0.5477225575051659, 0.4795831523312723, 0.8660254037844394, 0.3000000000000002, 0.4898979485566356, 0.6164414002968974, 1.3601470508735445, 1.4933184523068084, 0.9539392014169462, 0.5099019513592785, 1.2083045973594577, 0.648074069840786, 0.8602325267042633, 0.6000000000000002, 0.45825756949558394, 0.6244997998398398, 0.5477225575051662, 0.6082762530298222, 0.4582575694955844, 0.6244997998398404, 0.6082762530298225, 0.31622776601683805, 0.42426406871192857, 0.8124038404635967, 0.948683298050514, 1.2083045973594577, 0.4472135954999583, 0.5000000000000001, 0.9165151389911683, 0.4123105625617666, 0.46904157598234253, 0.5196152422706632, 0.42426406871192884, 1.1090536506409419, 0.3162277660168373, 0.5477225575051664, 0.818535277187245, 0.4472135954999579, 0.6782329983125268, 0.22360679774997871, 0.7745966692414836, 0.42426406871192884, 4.230839160261237, 3.7854986461495406, 4.366921112179611, 3.1272991542223783, 3.9560080889704965, 3.48998567332303, 3.9344631145812006, 2.2781571499789037, 3.935733730830885, 2.882707061079915, 2.649528259898354, 3.336165463522456, 3.263433774416144, 3.82099463490856, 2.6627053911388696, 3.8353617821530217, 3.4942810419312296, 3.1160872901765764, 3.879432948254165, 2.9495762407505253, 3.9420806688854046, 3.2202484376209237, 4.170131892398609, 3.782856063875548, 3.5916569992135945, 3.7907782842049733, 4.2391036788453285, 4.4147480109288235, 3.641428291206625, 2.598076211353316, 2.8653097563788807, 2.7549954627911823, 2.99833287011299, 4.222558466143482, 3.4423828956117015, 3.641428291206625, 4.102438299353204, 3.754996671103718, 3.074085229787879, 3.062678566222711, 3.3555923471125038, 3.7229020937972566, 3.1064449134018135, 2.3388031127053, 3.2140317359976396, 3.1654383582688834, 3.209361307176243, 3.4957116585897072, 2.0639767440550294, 3.1400636936215163, 5.375872022286245, 4.263801121065568, 5.468089245796926, 4.79895822028073, 5.171073389539159, 6.280127387243032, 3.531288716601915, 5.813776741499454, 5.179768334587948, 5.807753438292641, 4.497777228809804, 4.636809247747852, 5.004997502496879, 4.22729227756965, 4.460941604639093, 4.742362280551751, 4.778074926160116, 6.439720490828776, 6.670832032063167, 4.219004621945797, 5.274466797696238, 4.06201920231798, 6.399218702310463, 4.228474902373195, 5.113707070218239, 5.496362433464518, 4.090232267243512, 4.112177038990418, 4.947726750741192, 5.288667128870942, 5.73149195236284, 6.240192304729078, 4.984977432245807, 4.287190222045203, 4.662617290749906, 5.988321968631946, 4.993996395673508, 4.731807265728392, 3.9912404086950213, 4.961854492022112, 5.1526692111953, 4.803123983409131, 4.263801121065568, 5.397221507405454, 5.26782687642637, 4.796873982084583, 4.384062043356595, 4.5934736311423405, 4.749736834815167, 4.217819341792628]\n",
      "[0.17320508075688762, 0.42426406871192834, 0.4123105625617658, 0.5000000000000001, 0.22360679774997916, 0.7000000000000002, 0.42426406871192884, 0.0, 0.7874007874011809, 0.3316624790355397, 0.5000000000000004, 0.22360679774997916, 0.469041575982343, 0.9055385138137417, 1.0440306508910548, 1.2369316876852987, 0.7000000000000002, 0.1999999999999999, 0.8366600265340757, 0.4242640687119283, 0.4472135954999582, 0.3741657386773943, 0.6708203932499371, 0.3872983346207416, 0.4472135954999579, 0.41231056256176596, 0.22360679774997902, 0.22360679774997916, 0.22360679774997916, 0.37416573867739383, 0.3741657386773941, 0.44721359549995826, 0.7348469228349532, 0.948683298050514, 0.31622776601683766, 0.36055512754639885, 0.5477225575051661, 0.2645751311064591, 0.748331477354788, 0.09999999999999964, 0.2449489742783178, 1.2288205727444508, 0.6633249580710796, 0.42426406871192857, 0.6082762530298218, 0.4690415759823429, 0.42426406871192834, 0.4582575694955842, 0.42426406871192857, 0.14142135623730964, 3.964845520319802, 3.562302626111375, 4.117037770047781, 2.986636904613616, 3.729611239794303, 3.3256578296631782, 3.72827037646145, 2.211334438749598, 3.691882988394946, 2.7802877548915683, 2.569046515733026, 3.154362059117501, 3.054504869860253, 3.6249137920783716, 2.495996794869737, 3.5818989377144637, 3.348133808556641, 2.920616373302046, 3.6837480912787726, 2.7820855486487113, 3.7815340802378072, 3.004995840263344, 3.968626966596886, 3.5791060336346563, 3.3555923471125038, 3.5454195802471675, 3.991240408695021, 4.189272013130682, 3.455430508634199, 2.4020824298928627, 2.711088342345192, 2.5942243542145698, 2.808914381037628, 4.050925820105818, 3.3181320046074116, 3.4583232931581165, 3.861346915261565, 3.538361202590827, 2.913760456866693, 2.9189039038652846, 3.2093613071762426, 3.524202037341219, 2.9206163733020465, 2.2561028345356955, 3.0577769702841313, 2.989983277545211, 3.039736830714133, 3.277193921634788, 1.969771560359221, 2.9698484809834995, 5.219195340279955, 4.120679555607302, 5.24785670536077, 4.616275555033517, 4.9899899799498595, 6.044832503882964, 3.4741905532080417, 5.580322571321482, 4.9749371855331, 5.597320787662611, 4.3, 4.447471191587417, 4.796873982084582, 4.097560249709575, 4.33589667773576, 4.5661800227323495, 4.5793012567421245, 6.20403094769844, 6.442049363362563, 4.047221268969612, 5.06951674225463, 3.939543120718442, 6.158733636065129, 4.037325847637271, 4.914264950122246, 5.262128846769148, 3.905124837953327, 3.9357337308308855, 4.768647607026545, 5.044799302251775, 5.492722457943784, 5.984981202978002, 4.809365862564419, 4.08656334834051, 4.483302354291979, 5.746303159423456, 4.831148931672465, 4.539823785126467, 3.8223029707232783, 4.7455242070818695, 4.962862077471023, 4.5902069670114, 4.120679555607302, 5.200961449578337, 5.082322303829225, 4.598912915026768, 4.2, 4.3977266854592045, 4.589117562233507, 4.060788100849391]\n",
      "[0.9219544457292882, 0.5099019513592785, 0.4358898943540674, 0.2999999999999997, 0.9219544457292886, 1.4594519519326423, 0.5477225575051659, 0.7874007874011809, 0.0, 0.5567764362830023, 1.2845232578665131, 0.6708203932499367, 0.42426406871192807, 0.3464101615137755, 1.7916472867168913, 1.9974984355438181, 1.4317821063276353, 0.9273618495495699, 1.6124515496597096, 1.1489125293076052, 1.1575836902790226, 1.0862780491200212, 0.8306623862918074, 0.9110433579144293, 0.8124038404635958, 0.6403124237432847, 0.8306623862918073, 1.004987562112089, 0.9433981132056602, 0.4690415759823431, 0.4898979485566353, 1.140175425099138, 1.4491376746189435, 1.70293863659264, 0.5477225575051662, 0.6999999999999998, 1.2569805089976533, 0.8660254037844388, 0.14142135623730948, 0.866025403784438, 0.8602325267042625, 0.6244997998398398, 0.31622776601683816, 0.9591663046625437, 1.2609520212918488, 0.42426406871192807, 1.1575836902790222, 0.3605551275463988, 1.208304597359457, 0.7211102550927976, 4.3794976880916385, 3.9230090491866063, 4.497777228809804, 3.0886890422961004, 4.043513323831146, 3.538361202590827, 4.076763422127902, 2.179449471770337, 4.036087214122112, 2.8930952282978866, 2.4939927826679855, 3.4336569426778794, 3.2326459750489227, 3.9012818406262317, 2.7367864366808017, 3.9711459303329564, 3.5707142142714248, 3.1511902513177454, 3.8768543949960255, 2.942787793912432, 4.057092555020159, 3.2969683043669074, 4.2083250825001635, 3.845776904605882, 3.6905284174491872, 3.9102429592034307, 4.332435804486893, 4.5287967496897, 3.722902093797257, 2.613426869074396, 2.8337254630609507, 2.7184554438136375, 3.0413812651491097, 4.272001872658765, 3.508560958569767, 3.792097045171708, 4.232020793899766, 3.7656340767525465, 3.1543620591175006, 3.056141357987225, 3.3615472627943226, 3.818376618407356, 3.1320919526731648, 2.2293496809607953, 3.2449961479175906, 3.2465366161495854, 3.277193921634788, 3.5860842154082215, 2.004993765576342, 3.1937438845342623, 5.4972720507539, 4.31045241245046, 5.582114294781145, 4.87954915950234, 5.270673581241775, 6.395310782127791, 3.502855977627399, 5.914389233048499, 5.231634543811332, 5.975784467331464, 4.629254799641083, 4.705316142407437, 5.117616632769594, 4.2485291572496005, 4.527692569068708, 4.86929152957594, 4.877499359302879, 6.6174013026262815, 6.755738301621814, 4.207136793592526, 5.40740233383831, 4.115823125451336, 6.49846135635198, 4.296510211788167, 5.248809388804284, 5.6258332716140815, 4.167733196834941, 4.208325082500163, 5.025932749251624, 5.40092584655631, 5.830094338859364, 6.4265076052238514, 5.064582904840239, 4.358898943540673, 4.69680742632695, 6.115553940568262, 5.132250968142536, 4.838388161361178, 4.085339643163099, 5.089204259999788, 5.273518749374083, 4.938623289946298, 4.31045241245046, 5.523585791856591, 5.406477596365309, 4.914264950122246, 4.42944691807002, 4.701063709417263, 4.888762624632126, 4.302324952859791]\n",
      "[0.4690415759823426, 0.17320508075688784, 0.31622776601683805, 0.3162277660168386, 0.529150262212918, 1.0099504938362076, 0.4795831523312723, 0.3316624790355397, 0.5567764362830023, 0.0, 0.7874007874011811, 0.3464101615137755, 0.17320508075688812, 0.7280109889280523, 1.3114877048603997, 1.5556349186104046, 1.0099504938362076, 0.4999999999999996, 1.0999999999999996, 0.7549834435270746, 0.6244997998398397, 0.6999999999999998, 0.7745966692414836, 0.5291502622129177, 0.5196152422706631, 0.19999999999999993, 0.4472135954999578, 0.5099019513592783, 0.44721359549995776, 0.26457513110645925, 0.1732050807568881, 0.6557438524302001, 1.0440306508910546, 1.260952021291849, 0.1, 0.3464101615137754, 0.7549834435270747, 0.5099019513592785, 0.5567764362830022, 0.3741657386773936, 0.49999999999999983, 0.9380831519646863, 0.5567764362830022, 0.6557438524302, 0.8831760866327844, 0.2645751311064593, 0.7416198487095659, 0.3464101615137761, 0.7280109889280516, 0.26457513110645875, 4.043513323831146, 3.6359317925395684, 4.1856899072912706, 2.947880594596735, 3.7709415269929596, 3.3421549934136805, 3.8065732621348563, 2.1307275752662513, 3.738983819167983, 2.7748873851023212, 2.4556058315617353, 3.2031234756093934, 3.0133038346638727, 3.661966684720111, 2.5258661880630173, 3.6523964735499352, 3.385262175962151, 2.922327839240491, 3.6687872655688283, 2.758622844826744, 3.845776904605882, 3.036445290137795, 3.97994974842648, 3.602776706930364, 3.4014702703389896, 3.605551275463989, 4.034848200366402, 4.249705872175156, 3.4942810419312296, 2.3874672772626644, 2.6720778431774774, 2.5495097567963922, 2.817800560721074, 4.071854614300467, 3.349626844888845, 3.54259791678367, 3.9293765408777, 3.52845575287547, 2.949576240750525, 2.9, 3.1984371183438953, 3.5707142142714243, 2.9189039038652846, 2.16794833886788, 3.0626785662227105, 3.024896692450835, 3.0675723300355937, 3.318132004607411, 1.91049731745428, 2.9883105594967865, 5.292447448959696, 4.143669871020132, 5.3113086899558, 4.658325879540846, 5.046781152378217, 6.108191221630181, 3.4525353003264136, 5.632938842203064, 4.99799959983992, 5.697367813297645, 4.374928570845471, 4.4821869662029945, 4.860041152089146, 4.106093033529562, 4.376071297408212, 4.641120554348917, 4.632493928760188, 6.307138812488591, 6.487680633323437, 4.028647415696738, 5.146843692983108, 3.968626966596886, 6.211280061307813, 4.070626487409524, 4.991993589739474, 5.332916650389353, 3.944616584663204, 3.9874804074753776, 4.811444689487764, 5.102940328869229, 5.544366510251644, 6.091797764207214, 4.853864439804639, 4.119465984809196, 4.493328387732194, 5.818075283115542, 4.914264950122245, 4.59782557302906, 3.8729833462074166, 4.817675788178362, 5.033885179461287, 4.6690470119715, 4.143669871020132, 5.274466797696237, 5.165268628057984, 4.666904755831214, 4.220189569201838, 4.457577817604534, 4.672258554489467, 4.106093033529562]\n",
      "[0.37416573867739483, 0.8660254037844388, 0.8831760866327848, 1.0000000000000007, 0.42426406871192884, 0.3464101615137753, 0.8660254037844394, 0.5000000000000004, 1.2845232578665131, 0.7874007874011811, 0.0, 0.6782329983125275, 0.932737905308882, 1.3674794331177347, 0.5830951894845297, 0.7874007874011812, 0.3464101615137753, 0.38729833462074237, 0.3872983346207414, 0.3316624790355405, 0.3605551275463991, 0.36055512754639957, 0.9486832980505144, 0.6164414002968982, 0.781024967590666, 0.8124038404635964, 0.5477225575051665, 0.2828427124746193, 0.37416573867739444, 0.8660254037844388, 0.8544003745317535, 0.3605551275463992, 0.4582575694955836, 0.5196152422706631, 0.7810249675906655, 0.7071067811865477, 0.3, 0.5291502622129182, 1.2369316876852983, 0.42426406871192923, 0.5000000000000003, 1.679285562374667, 1.1357816691600546, 0.6082762530298222, 0.5477225575051664, 0.932737905308882, 0.3316624790355405, 0.9486832980505144, 0.10000000000000053, 0.5744562646538034, 3.8065732621348563, 3.455430508634199, 3.9824615503479754, 3.0708305065568178, 3.6496575181789312, 3.3331666624997918, 3.629049462324811, 2.4124676163629637, 3.5916569992135936, 2.870540018881465, 2.7730849247724096, 3.117691453623979, 3.082207001484488, 3.5791060336346563, 2.5099800796022267, 3.449637662132068, 3.349626844888845, 2.9257477676655586, 3.6851051545376556, 2.8372521918222215, 3.7349698793966195, 2.9597297173897483, 3.9370039370059056, 3.5411862419251547, 3.269556544854363, 3.4322004603461025, 3.8858718455450894, 4.084115571332427, 3.4190641994557516, 2.437211521390788, 2.7928480087537886, 2.679552201394853, 2.814249455894058, 4.034848200366403, 3.3436506994600976, 3.3778691508109073, 3.738983819167984, 3.5199431813596087, 2.91547594742265, 2.98496231131986, 3.2603680773802215, 3.4684290392049246, 2.9359836511806394, 2.4494897427831783, 3.0886890422961004, 2.978254522367086, 3.0380915061926625, 3.2140317359976396, 2.1424285285628555, 2.9782545223670858, 5.1487862647424, 4.124318125460256, 5.13322510708424, 4.5628938186199335, 4.918333050943175, 5.91185250154298, 3.59722114972099, 5.463515351859094, 4.917316341257699, 5.449770637375485, 4.202380277890138, 4.396589587396122, 4.696807426326951, 4.125530268947254, 4.332435804486893, 4.483302354291979, 4.50111097397076, 6.028266749240614, 6.330086887239385, 4.068169121361598, 4.954795656734998, 3.956008088970497, 6.031583540000089, 3.9912404086950213, 4.806245936279167, 5.128352561983234, 3.8600518131237567, 3.88587184554509, 4.714870093650513, 4.917316341257699, 5.372150407425317, 5.788782255362522, 4.756048780237646, 4.033608806019741, 4.466542286825459, 5.599107071667767, 4.748684028233506, 4.46318272088428, 3.7815340802378072, 4.629254799641083, 4.868264577855234, 4.469899327725401, 4.124318125460256, 5.097057974949863, 4.9779513858614575, 4.503332099679081, 4.170131892398609, 4.316248370981448, 4.511097427455985, 4.03236903073119]\n",
      "[0.3741657386773941, 0.4582575694955841, 0.37416573867739394, 0.3741657386773941, 0.3464101615137758, 0.8124038404635965, 0.3000000000000002, 0.22360679774997916, 0.6708203932499367, 0.3464101615137755, 0.6782329983125275, 0.0, 0.458257569495584, 0.818535277187245, 1.2328828005937953, 1.363818169698586, 0.8602325267042631, 0.38729833462074165, 0.9949874371066202, 0.519615242270663, 0.6082762530298225, 0.479583152331272, 0.6633249580710802, 0.4472135954999578, 0.2999999999999998, 0.4472135954999579, 0.2828427124746191, 0.42426406871192884, 0.4472135954999583, 0.22360679774997858, 0.2999999999999998, 0.6403124237432855, 0.818535277187245, 1.081665382639197, 0.33166247903554, 0.4898979485566357, 0.768114574786861, 0.31622776601683833, 0.6403124237432845, 0.31622776601683783, 0.38729833462074187, 1.1832159566199232, 0.5385164807134499, 0.4582575694955841, 0.6164414002968974, 0.45825756949558394, 0.49999999999999983, 0.3464101615137755, 0.5916079783099618, 0.30000000000000027, 3.9912404086950213, 3.5637059362410923, 4.132795663954366, 2.9444863728670914, 3.7336309405188937, 3.284813541131369, 3.7188707963574106, 2.1307275752662513, 3.7013511046643495, 2.7166155414412247, 2.5, 3.13368792319848, 3.0463092423455636, 3.6041642581880198, 2.4698178070456938, 3.6027767069303644, 3.3015148038438356, 2.8948229652260253, 3.6742346141747673, 2.747726332806817, 3.7483329627982624, 3.003331483536241, 3.954743986657038, 3.558089374931439, 3.3630343441600474, 3.5608987629529714, 4.004996878900157, 4.192851058647325, 3.4336569426778794, 2.387467277262665, 2.6720778431774774, 2.5573423705088847, 2.78926513619627, 4.017461885320133, 3.258834147360065, 3.4365680554879168, 3.872983346207417, 3.536947836765479, 2.8740215726399825, 2.875760768909681, 3.1575306807693893, 3.5057096285916205, 2.8982753492378874, 2.1863211109075444, 3.0166206257996713, 2.9546573405388314, 3.004995840263344, 3.2726136343907144, 1.9157244060668017, 2.9376861643136762, 5.187484939737175, 4.077989700820736, 5.248809388804284, 4.589117562233506, 4.968903299521937, 6.050619802962338, 3.388214869219483, 5.581218504950329, 4.961854492022111, 5.598214000911362, 4.291852746774986, 4.430575583375144, 4.793745925682753, 4.052159917870962, 4.295346318982905, 4.54972526643093, 4.5628938186199335, 6.211280061307813, 6.445928947793329, 4.016217125604641, 5.06655701635736, 3.889730067755345, 6.166036003787198, 4.023679907746143, 4.903060268852505, 5.264978632435274, 3.888444419044716, 3.9115214431215897, 4.746577714522327, 5.051732376126035, 5.500909015790027, 6.004165220911231, 4.787483681434329, 4.068169121361598, 4.446346815083142, 5.764546816532935, 4.805205510693585, 4.518849411078001, 3.794733192202055, 4.748684028233507, 4.953786430600334, 4.6, 4.077989700820736, 5.1903757089443925, 5.071488933242386, 4.59782557302906, 4.1844951905815355, 4.387482193696061, 4.561797891182818, 4.022437072223753]\n",
